01032797027
01085089861
01071814699
01090782300
01051003709
01092401288
01064609224
01043946969
01099022307
01022526902
01036161976
01041019499
01082328917
01062322454
01067270114
01021892990
01076175817
01028168834
01049480949
01051066262
01095852012
01077688646
01020137465
01071366047
01036612687
01096390030
01085258698
01050832222
01036958298
01097587129
01054951362
01071194839
01053611090
01062953660
01095890399
01063033844
01020180987
01096049976
01071168557
01057445660
01029587105
01050357031
01074537588
01073625050
01031462004
01033778929
01096192051
01050200869
01082982322
01080186678
01040880588
01083679427
01091539574
01033183781
01068377376
01091906310
01048850168
01032335823
01098003967
01077217281
01076221477
01027550871
01046578163
01095164168
01042011665
01064370527
01054132149
01020023065
01055792549
01082333061
01050763489
01076230352
01077685638
01051760600
01094459218
01097592223
01034487243
01062055636
01099532430
01094789515
01090023146
01026659355
01062126822
01098250788
01020120658
01077349868
01048139921
01062669792
01053839834
01086935970
01087047502
01066792088
01092366282
01071463625
01028239687
01038955843
01055047305
01030039656
01081381119
01033571162
01089734092
01079797438
01088021025
01094803918
01038925418
01083198633
01084115919
01084253255
01076308964
01066135778
01040774324
01086228092
01033763616
01039311521
01057462800
01028486323
01020600729
01030078969
01066593817
01031578209
01057108057
01039680855
01083398481
01083084093
01098856029
01045595307
01043533307
01092051211
01036636812
01032735451
01077312807
01031590818
01064448187
01039451926
01046210316
01022717948
01065353672
01057391359
01090300142
01057020126
01048645352
01030835563
01027491832
01040018423
01022923718
01091701234
01084545058
01085732844
01031933074
01025255092
01076510117
01075199428
01022353688
01062048755
01053240305
01076360394
01077565165
01089557433
01044458556
01052642026
01053248390
01099007861
01062109268
01056565656
01034312425
01087061158
01093950609
01075861160
01021899988
01024352109
01022883845
01086789730
01094479618
01047983142
01030249298
01050415569
01067747868
01041636935
01033018084
01036504700
01046963028
01071556749
01094363308
01041355504
01045516693
01082323040
01087468009
01041489204
01038660766
01082285432
01031381180
01038269814
01057675781
01051834672
01028474060
01047314152
01037883470
01050253784
01067531540
01026914091
01081562580
01065245544
01052849780
01038593470
01029150602
01045552062
01095332586
01085302546
01025326691
01089562928
01080200199
01025494512
01058143804
01058394090
01085613367
01092704229
01081075000
01087105959
01041459601
01038488252
01066612134
01024410544
01049922412
01031664928
01077782572
01062560937
01094654667
01074799714
01097878783
01066598977
01080056631
01074411645
01032178826
01080058399
01025922248
01099456612
01024353832
01086781059
01059629639
01052506592
01026670640
01059675091
01087756398
01027880129
01048536509
01041177177
01093817770
01077228279
01037335135
01058461558
01032361652
01088817036
01039077137
01026892697
01075477057
01027101855
01099598381
01099736646
01071429115
01067443190
01036008070
01056547522
01075965373
01033460601
01080784572
01096173036
01074124284
01087455418
01028859503
01066814224
01075636687
01047038810
01027569609
01066511855
01022355383
01050718881
01077351141
01072882980
01028545404
01022125316
01048112067
01080148485
01076654502
01027530255
01032104911
01038937999
01082833848
01089805202
01054437974
01086817883
01022869641
01029646797
01081099699
01028020938
01039023712
01023644750
01091670927
01027651800
01050116922
01036358162
01099696256
01050526610
01085724393
01051570072
01094606688
01026563540
01067322188
01096904689
01096990199
01065622555
01093935974
01049384238
01021756447
01085499447
01039144675
01043930502
01050994865
01092293758
01077088904
01091033352
01045766746
01048501362
01065533694
01083352154
01050450298
01094179159
01022719824
01037346513
01084262568
01083165110
01085717312
01088621274
01093510954
01029325853
01085335233
01021873870
01089442436
01034834322
01096006930
01040151013
01057130368
01030003745
01074421306
01026636456
01080802251
01041898642
01030189063
01083991993
01023927827
01094230628
01082800771
01048191027
01026995108
01086259574
01030047888
01026770859
01034985896
01051141578
01072770253
01052677911
01076408914
01030930186
01038866389
01053857932
01056951045
01058050735
01082033555
01085340158
01024083615
01089761574
01066872519
01071459410
01064048312
01030749902
01086195433
01077549531
01045552122
01036340052
01037434147
01071534193
01075811084
01058992808
01066632770
01020840711
01050207930
01030086884
01047559160
01024025836
01086360525
01090310726
01055388144
01056157960
01092713209
01033719731
01047617666
01056636366
01062285266
01033092297
01093454788
01046823679
01084921124
01038846915
01062749174
01063149112
01041777798
01071545025
01040799638
01030411339
01053870944
01041775132
01090905277
01026061739
01024962742
01096087172
01025495955
01084832926
01097705207
01075760256
01091398169
01052786467
01080014791
01043991110
01051061615
01032380293
01099712111
01031336097
01020705454
01028021660
01031812190
01027812030
01023534884
01026783868
01037008975
01037517601
01045446613
01066282536
01040352152
01024782742
01067339775
01097380090
01071320605
01039547369
01064890883
01089389276
01031238639
01064452366
01067969338
01096894244
01095787875
01020016845
01063758991
01023964148
01056869861
01067411703
01091656454
01032370789
01026736780
01077305046
01093730317
01022521912
01030868055
01066350214
01045944986
01023925363
01020750306
01039767836
01079632269
01044930324
01045296973
01057050585
01026517304
01056251945
01080345104
01086853945
01042350262
01067777848
01045005844
01072341682
01090345615
01047970074
01065172989
01033698997
01021247269
01077885926
01057020903
01030665840
01036541636
01020484001
01020025732
01016534832
01053376984
01063301745
01044401919
01062580341
01091040871
01044470787
01041028485
01086826215
01041800897
01040518432
01066809637
01033747453
01092182729
01046289821
01057507653
01080180414
01098966392
01025169587
01077882082
01037493790
01091379744
01062753959
01082433283
01039575971
01008206697
01075927683
01043846484
01048308772
01039255308
01062072191
01041842522
01080110643
01025475787
01071492262
01085351111
01049379353
01089096793
01033118439
01091216745
01098078275
01071477572
01089569275
01064197015
01083479000
01024433437
01083784147
01041908166
01097563400
01089182053
01034535701
01021263375
01033905335
01046695877
01041623296
01099697501
01090185624
01031225629
01099018961
01050404438
01038134944
01065860222
01049723168
01077938110
01044743255
01088502916
01071841129
01056560578
01034703172
01081846400
01041776408
01026224087
01029060078
01080705733
01077570498
01043313473
01093931215
01080075754
01080221806
01028429889
01088297527
01072552749
01094033105
01063259424
01090520777
01035567368
01047034167
01059177733
01029877527
01083407970
01021913537
01020819243
01089419301
01066238020
01040764206
01034718125
01087890318
01045834652
01083904226
01031914557
01064778515
01023497470
01027920353
01094037397
01058479604
01089257859
01084172017
01094164411
01073215590
01098602786
01025236441
01099483660
01032863490
01022444595
01037873821
01026005828
01090307191
01051051053
01054206250
01090682163
01033323140
01074100063
01046132000
01088664539
01044019536
01062548541
01055055441
01048436340
01073215598
01048063100
01079260836
01091790371
01082766512
01052418598
01064620727
01087462360
01082617938
01063381886
01052740458
01034405638
01031215789
01063239547
01025630492
01092273572
01048301561
01084957006
01047896966
01071598208
01088313666
01036638920
01091758703
01022400475
01062721149
01084148398
01024665790
01046129689
01086193328
01099013571
01040028255
01095779613
01050043804
01042579095
01097173689
01037964301
01072702748
01096573709
01055511127
01073561080
01094678937
01056241007
01028150704
01023895623
01023748298
01055425132
01048066591
01093290798
01027134569
01055452639
01095544912
01024326255
01072859091
01018184410
01027513127
01072284995
01040583623
01093041878
01023587923
01058859687
01082057742
01043341649
01086956230
01095842435
01051550098
01021026402
01051658880
01033580641
01040738434
01064493428
01024353264
01040189512
01058703701
01039556224
01075882095
01030124701
01023860810
01091298213
01053247342
01054195156
01077220473
01066017134
01088720228
01024948446
01095290604
01094013627
01091278145
01099462445
01093469851
01024457737
01090302314
01027013372
01092992003
01094316580
01093588072
01088879378
01062710426
01027558414
01055996726
01054732054
01064745686
01097512536
01047225316
01062404543
01038553703
01097337093
01028584202
01062197963
01095170105
01073281147
01022418714
01085461921
01091398698
01058771377
01024181829
01041154330
01036792734
01034963116
01093960419
01024514140
01047633665
01055500748
01052506589
01075500342
01092813424
01030065737
01057918022
01046273382
01099550627
01068339290
01050205477
01040448864
01051843400
01098826034
01090243713
01087074776
01036872546
01071926514
01026072919
01092817549
01065031486
01086804730
01058154115
01076874742
01057652359
01049726344
01040201371
01092882040
01055391725
01034320936
01035711255
01056649395
01066803139
01024603832
01029457890
01050946684
01022951075
01076224982
01088307984
01066640984
01052019353
01045913690
01055501370
01075214992
01084114487
01088128676
01084861998
01020276018
01043325622
01062157990
01051400043
01072162024
01024755704
01084215225
01083664099
01071946994
01058868278
01023920625
01023125629
01027150369
01032270835
01032008163
01065152883
01068618200
01045338194
01083819972
01073737951
01075989232
01062422867
01026708791
01049632058
01079411169
01057674165
01036135468
01072335795
01074117202
01030525790
01091288948
01090910197
01036706850
01090723349
01092416360
01027322705
01058920482
01099301907
01037734873
01034644832
01093460764
01028873793
01041138528
01092381559
01090310583
01051013068
01032940803
01084212740
01084518327
01020983528
01090686867
01056626413
01026858536
01098338242
01043906807
01021738835
01071385227
01028675771
01091947265
01075432350
01058617296
01098805162
01090220635
01048281030
01056076006
01084745983
01087803316
01098891594
01086371386
01023994106
01025475171
01056804702
01072272475
01090249893
01021202586
01075813752
01062237225
01028631638
01043015834
01033555401
01084027276
01099250844
01076355029
01027113887
01020461521
01098551589
01077133349
01065833778
01099845140
01031288048
01086702494
01049527452
01055525085
01020359193
01050623723
01084909122
01071008929
01028992676
01025206464
01023395079
01051953295
01028361932
01023333580
01077320217
01075434742
01022402618
01034715459
01029970395
01076765016
01076960302
01077025455
01033967562
01063012923
01058205487
01098788389
01077048363
01057665134
01038258996
01089697050
01030977139
01028202332
01066125971
01088368635
01025269848
01027552483
01076667978
01041877159
01086287481
01032938485
01066596130
01075688932
01029061649
01091263715
01057035079
01091848971
01055824461
01028626367
01025002454
01037176571
01077362894
01030255781
01020574304
01050192886
01097201968
01034870456
01073901181
01026492818
01094532411
01087942623
01023381614
01099225906
01026336268
01029994657
01092455833
01039979699
01041299748
01065224701
01022561267
01031463986
01093176063
01050356518
01062637826
01072319969
01066754405
01026657876
01062657671
01051651170
01051315345
01065581733
01092385368
01087709042
01087020844
01092472990
01037206808
01030676602
01052383084
01050082168
01054173742
01054910319
01055982284
01026373567
01048879580
01074077947
01034171281
01065585325
01085054124
01093922771
01020656819
01091100559
01095410124
01062360722
01020262924
01037232040
01094215107
01082627117
01031573975
01097710008
01095650520
01066453262
01031393489
01029332208
01023969702
01033304032
01075526315
01047342056
01055835416
01031656336
01089053922
01037733105
01037536414
01047665729
01099664917
01047756383
01022986432
01054349033
01064361081
01057797289
01053928291
01098166800
01024891325
01075463316
01092850122
01033960968
01068552882
01072727321
01065546734
01058929158
01072605021
01051553619
01029070518
01030091181
01028881206
01031058989
01083133171
01035193516
01046424572
01033755229
01068040131
01076731801
01099928991
01046156246
01052219847
01031171280
01029974424
01058446512
01030167980
01038694820
01037314753
01048830093
01029010758
01022345457
01086305067
01087220423
01026963925
01077244881
01028485848
01096943041
01066163557
01026437088
01045185421
01096837004
01040283275
01072073949
01030698945
01091550642
01028827615
01056744021
01026999010
01047288814
01072393631
01025618399
01099091570
01093684684
01098704074
01057523506
01043582755
01042125845
01022049160
01021236917
01092400509
01054670152
01029069879
01046574577
01047670120
01067891809
01063225466
01077216468
01056948118
01062616001
01053651798
01033270919
01056135464
01049384188
01044158924
01089562295
01097330575
01077938968
01097490800
01045309457
01057268339
01093856229
01087690598
01034282684
01022499874
01084259478
01076897988
01083138305
01087757423
01051079771
01079259585
01053734991
01038305906
01052370852
01025425818
01022558009
01077914826
01074542366
01076475448
01055373423
01099452767
01024328068
01088581629
01030128458
01094173418
01043227958
01044541201
01024562928
01047211940
01047487175
01063227269
01023450991
01099776248
01029525267
01048026071
01029530087
01028918847
01040879119
01058080008
01055260026
01044983179
01033739427
01046202074
01029161658
01093708254
01084974358
01096585825
01062927331
01098254407
01087870512
01023200842
01042434717
01082013197
01063482148
01042948880
01052654698
01071464151
01087054205
01085822360
01040731487
01048506090
01023004199
01090084057
01062158029
01084451816
01049480892
01082862539
01029892361
01053670472
01063143708
01058041213
01025680323
01049796947
01067410588
01057118206
01094604358
01023145909
01096985885
01040234836
01029872741
01025409633
01054185542
01047654955
01055642436
01042713479
01081194386
01053924426
01043384518
01056305467
01053579879
01028695767
01031700423
01083686111
01054776046
01091519354
01073067630
01057899818
01062211785
01088861976
01093680757
01091489219
01083019191
01033760184
01046508658
01088002886
01025771596
01082825762
01066791553
01008724620
01024705211
01067991104
01024137028
01090902329
01048643136
01095575545
01037169401
01049404510
01042325655
01045725339
01056042150
01071891560
01068895044
01051490921
01045700307
01034316811
01051850900
01098600334
01099736284
01028953110
01028623547
01097983502
01056582247
01071658295
01099920310
01047422739
01041949657
01043146545
01034553132
01093300822
01031566965
01094661260
01092037153
01085218769
01086760393
01041110676
01077645628
01033904259
01021853328
01039677276
01022049763
01086722393
01034575884
01029227891
01079905486
01077504978
01023598760
01077109199
01041457225
01088452820
01025841797
01075461119
01028143833
01044439088
01042423917
01051391062
01032673877
01026891738
01071316556
01041105930
01027752124
01074757460
01064500240
01057887190
01064156387
01068187048
01086987900
01087716926
01022627326
01034428692
01073405444
01050241477
01056711159
01058445788
01066500255
01031820245
01077322618
01046600297
01082939334
01022426662
01045644287
01066746745
01034662456
01072274644
01076671109
01054235187
01024837239
01087801487
01055956484
01027212976
01059541434
01022681627
01096400430
01099208444
01082812569
01096974566
01026685599
01062643694
01035260847
01059204082
01090193730
01048255650
01090196664
01042415069
01031135926
01038300189
01067207975
01058263678
01050448802
01020704859
01054434498
01058895909
01023503691
01035891531
01098957758
01041121275
01091628614
01072327310
01099378206
01057959192
01071926306
01073155689
01093445004
01081995540
01062142393
01075181209
01072348731
01050902883
01042212587
01053464236
01064139915
01051884766
01024578450
01073691805
01024637217
01082783936
01064082546
01051320091
01028221614
01099483704
01064511273
01024796276
01083923265
01077119594
01042998076
01039099209
01044473183
01025357333
01055061055
01044512049
01053744980
01030130918
01048536510
01022189324
01051833800
01030859717
01077972368
01089006988
01058252583
01092897895
01097492553
01038846621
01040312413
01063112906
01065067287
01090060866
01075035502
01037146767
01071058646
01031813541
01062354193
01086760363
01072807337
01049635574
01067436437
01042462890
01092051223
01083147403
01095968806
01050071089
01056721704
01048767995
01030666535
01071263926
01028463773
01097180814
01047495885
01023303596
01058236451
01051837419
01099826041
01096109875
01095002353
01095469568
01098529189
01080723109
01062631373
01098923843
01040088107
01082609059
01092032392
01054677839
01044702996
01028840456
01092179655
01051754242
01098198710
01040317413
01087888735
01027820201
01020394739
01063614795
01094332387
01024565293
01094187434
01040302977
01082278452
01077252456
01029628600
01096724859
01091072326
01092435037
01040179500
01039490317
01055101715
01045254261
01063131600
01044934022
01074446519
01026929525
01036773869
01074092817
01091592902
01055366544
01022894363
01068609280
01022702496
01053969718
01077139935
01050860864
01088386793
01022036490
01074769408
01087188254
01028315287
01045501211
01077687733
01098850929
01075651365
01092484266
01064991318
01089221266
01055748456
01022840498
01034242434
01045557822
01030224602
01040514510
01089105304
01084509941
01036953898
01036869229
01092662665
01042041354
01080823933
01064499672
01074194959
01079246232
01064374841
01039531685
01022990206
01087139368
01080981795
01032646320
01077918382
01089433746
01021302234
01093101605
01094953846
01087067320
01044773556
01076577945
01067767470
01099561137
01096728331
01095037877
01033860603
01099727865
01085188554
01055868216
01054566211
01089300130
01090441553
01068306808
01086187564
01092695949
01077995527
01093838765
01029872983
01091032297
01023667472
01027208482
01027274572
01022390204
01085508885
01095589749
01029784348
01050201700
01085338179
01041579888
01063353384
01041508827
01052172506
01055871346
01063815008
01075873392
01024412375
01026271523
01066185718
01043488332
01030522230
01065567907
01022624376
01020192485
01045112151
01024510203
01096899017
01020431890
01031609991
01055505641
01026379575
01076717183
01055794282
01052893899
01041730202
01094052872
01065239709
01080009849
01039330269
01084237970
01096860081
01029396129
01034518844
01033852299
01064825682
01031242187
01075530889
01097492526
01039455359
01096390805
01098776056
01099364177
01091795788
01022208507
01085410786
01071288188
01055788338
01093224135
01041008638
01047657949
01040012053
01040129239
01044456778
01062025991
01059011035
01027470129
01037008628
01028625616
01077326898
01089032510
01059493678
01082987030
01052517897
01083986787
01083317177
01022045415
01094843642
01034237611
01041703203
01043375278
01077631528
01047856916
01021136234
01056585105
01056695399
01067179182
01037603284
01057036031
01044227497
01091335149
01022775409
01033866640
01032440806
01044995704
01044126927
01044674760
01086930274
01042965699
01045564880
01065659227
01062416934
01095542781
01088939077
01077316350
01072752334
01093347182
01038955984
01064500782
01042952700
01066985474
01083067020
01083890167
01053793020
01091786139
01053238561
01056204245
01027528212
01053986808
01067647730
01064670456
01043353620
01028829004
01022344230
01039349924
01057656558
01095439461
01029169612
01091397735
01086094747
01090312849
01083454487
01062340165
01023148678
01032451565
01025431676
01083298049
01080347886
01034393002
01092823667
01037090619
01050084142
01057525503
01043284333
01023620625
01028963205
01037899968
01084514654
01063167840
01036999722
01040790531
01040975703
01092555580
01033072243
01064962572
01030477139
01088545380
01026764064
01064190639
01031602052
01097078755
01075831909
01087795006
01093683649
01031756168
01029018966
01031750315
01048350890
01097908900
01037358108
01041360211
01084913338
01064190759
01023123462
01083790195
01041534333
01079078229
01091826478
01075389155
01074567024
01032203608
01063109103
01096961891
01082489575
01088154422
01054546112
01021586788
01029071987
01082126508
01097066826
01027963634
01086681246
01039294363
01035763857
01057512299
01091582901
01040688635
01079068258
01025473246
01086281994
01051919493
01039506015
01093277895
01028290351
01037032321
01092243585
01098028123
01084392123
01047085273
01084023329
01036776876
01094190862
01071028833
01028746258
01031080808
01072927142
01086927170
01071686264
01084462401
01097764405
01031352426
01072208516
01054965232
01077936439
01091925502
01094693716
01059142362
01099364502
01042435722
01065887655
01071469525
01023383590
01077699105
01044681799
01025441959
01057552449
01083313927
01073182781
01041086866
01051592205
01091218371
01023391747
01023026204
01025543023
01091159228
01092311575
01063999295
01064532177
01048184576
01044804330
01040548272
01032527556
01098108081
01046062485
01055136868
01032644209
01092960965
01083505292
01095383361
01046219354
01030008322
01068584673
01097024763
01065450150
01084323682
01051177004
01055652831
01036950662
01021242205
01091944394
01080813208
01036198900
01040687931
01051022543
01040594918
01040561929
01098228120
01066953461
01044315660
01071799240
01035339217
01086756841
01071281935
01044025720
01024292668
01073887685
01039294252
01027555308
01052092282
01048448716
01098788307
01020458087
01023128737
01028463042
01087110945
01099840139
01032395369
01077514580
01021082830
01082439005
01087616453
01042810421
01058888061
01046648549
01059319908
01022942891
01034559090
01076675636
01042517772
01073101868
01027019583
01058572013
01085819338
01072454632
01034503403
01085253112
01097070714
01041888630
01062713800
01040221535
01031421248
01099208526
01082700036
01055250427
01033741083
01055038113
01075507988
01027858517
01085334556
01042118313
01071684788
01090959979
01074032002
01071821645
01071496790
01093140910
01085162409
01094580898
01097205277
01064652218
01091138767
01098670881
01038188989
01034283121
01057321656
01079170278
01086815900
01084055864
01097191386
01079291900
01047541677
01049543348
01086910958
01055123784
01064397971
01089948279
01043825240
01099775945
01022150060
01077245582
01066029466
01031152418
01062970107
01026076425
01099705316
01059247863
01091413029
01034472933
01045880740
01022886924
01049117272
01038014140
01086136297
01045393839
01079188509
01071064935
01028816125
01092403648
01075529687
01022597992
01071973433
01065202862
01091864711
01088773667
01065002867
01020287246
01067632606
01044752031
01048264192
01071780600
01098783328
01077584035
01024987278
01050500643
01075929290
01024184053
01097591229
01048919107
01091347992
01074804862
01038361469
01098775738
01032642133
01094187096
01022206653
01055748744
01097078760
01026233182
01086540297
01041248983
01086271662
01032075766
01088408705
01082324212
01068060424
01065157106
01080987981
01082067612
01057557971
01052046224
01041327399
01049456369
01041265373
01090103495
01027890783
01050361851
01087419205
01098754122
01064338964
01024328860
01050152621
01050308011
01090705408
01020815388
01028756564
01086119192
01091676827
01073514758
01020817713
01082099242
01030240288
01067254626
01066933392
01066778998
01085529414
01076030100
01089044876
01055678467
01050568101
01050649472
01066645639
01040685698
01066369093
01083844752
01093313038
01036209770
01034197098
01083597857
01024860609
01031479646
01052918019
01087894735
01086506576
01064364303
01028301192
01024903934
01053384188
01029087932
01073730850
01097666325
01048521401
01026383760
01037097395
01020404143
01026288104
01038038945
01046931916
01047893654
01026730020
01073446745
01073372501
01040497202
01040873698
01087026765
01091948561
01092067949
01086475466
01066251925
01095182339
01068184594
01068476618
01021081006
01041246454
01040802846
01089178838
01081155298
01053037767
01076252285
01093680346
01029666354
01036419927
01039172014
01041987027
01075067374
01029356460
01051198162
01099377667
01024750542
01046270919
01044172998
01077226814
01052995084
01046518939
01046375835
01065059492
01068860870
01081991324
01026599405
01046359313
01050521748
01068740417
01050062568
01043550576
01021852042
01094166846
01056834196
01092083571
01050484565
01084671924
01045184048
01064701530
01071431191
01043424326
01035608351
01055281055
01090412113
01042828816
01087514237
01044222723
01092062719
01022604118
01067366002
01043439987
01064002229
01083059821
01081395000
01041264405
01024110160
01056222220
01034708403
01063199163
01051180808
01071593073
01030252819
01073287535
01097807531
01045339114
01041871723
01044097630
01066331834
01088393646
01055053347
01021097558
01084911396
01055612103
01051074127
01075539179
01058522703
01086759475
01041592712
01024432153
01041413151
01063536308
01093855857
01062268863
01083406959
01087551676
01057430347
01085049075
01076349007
01065547514
01028481582
01055384486
01068904670
01058712739
01091663697
01044063345
01067308807
01099864026
01072271807
01077581883
01062110032
01051881219
01020740105
01042982489
01028869090
01027343076
01095382216
01065570357
01092320131
01093198866
01063887803
01068788259
01034126067
01048475607
01047594883
01063151533
01025691995
01038879497
01026296852
01066268562
01044986325
01094321275
01085931272
01087191086
01096421554
01049950065
01057152828
01058409725
01082915409
01028207007
01055899211
01080565570
01024954025
01021116730
01090317416
01040003441
01096909622
01059405936
01071260839
01058584428
01044598208
01075844426
01099970301
01092522553
01092504107
01093456663
01099348679
01022559277
01055941814
01092491427
01071080487
01041050087
01083590827
01035630610
01056412320
01095676231
01067445581
01062141117
01048521362
01038503685
01043904003
01077119817
01055661832
01071753466
01030000610
01023831218
01088092729
01057127739
01064067907
01046871299
01057786145
01048840514
01025005149
01031452959
01087146824
01034435283
01030883936
01056456051
01095199589
01086508455
01089552564
01076004517
01099986895
01030477071
01039552490
01037239148
01076782945
01071841371
01089329620
01028163381
01023563194
01088822253
01098454262
01054563010
01072915975
01023068063
01042216968
01063234603
01037117421
01033682435
01090050742
01041223000
01098851728
01051825377
01087520099
01024014044
01087189218
01089951994
01075599245
01030915113
01025368253
01087688456
01099084802
01044762164
01083771103
01047169867
01040518108
01085684007
01065476546
01064881201
01053348488
01089650527
01062527285
01093681373
01072480587
01033635565
01082892911
01066842067
01051262634
01026542984
01063005327
01038013935
01046274679
01072757750
01095448859
01034648564
01041256279
01045281576
01034943471
01076028003
01095561781
01045472335
01093291911
01090794411
01028749964
01062498008
01091945779
01022849292
01041967529
01096575842
01065283432
01091304831
01020161866
01036338752
01027713763
01097673717
01036380806
01049427956
01047225565
01045744871
01043119173
01088912059
01034550816
01089833538
01045649629
01098689121
01099437926
01031480816
01051433635
01052767194
01054711318
01068868360
01066706450
01055553266
01067839539
01057028807
01056830794
01039160439
01082518550
01052465778
01088155702
01054135618
01076751431
01079001752
01064874320
01042739925
01031658319
01039157360
01084261235
01088578306
01057290790
01045452555
01041337278
01046166462
01020692993
01045128532
01022424149
01079995341
01065649306
01086655305
01024685677
01096907192
01086435313
01043341324
01088062446
01023939461
01089381565
01055547758
01068331976
01096670550
01092513736
01030085322
01022000246
01074717584
01067110139
01059127573
01053861327
01057921935
01054139161
01048552532
01085492427
01068536855
01042961214
01048449264
01075441238
01086927435
01034690999
01046043774
01052836560
01057112063
01058720729
01055564483
01087875769
01057493079
01025419533
01066176434
01096573061
01054647367
01088356529
01092308821
01080709711
01094254763
01075141218
01026131603
01071483171
01071797126
01020873645
01084980600
01040881996
01033508929
01053926471
01099298501
01053729858
01024479604
01040363676
01064447882
01073097535
01095481609
01053121777
01035975644
01062046141
01067155754
01058650117
01056803305
01083634962
01067174034
01066327263
01027028472
01066113413
01027083512
01041037040
01036518717
01085328739
01058517335
01086949694
01093459608
01066312777
01040151129
01072775203
01059384591
01089341360
01030481826
01041732314
01042795155
01045373859
01074872029
01062504908
01059689328
01041042074
01023973932
01081108227
01098913515
01066439332
01043043451
01065013900
01055575154
01044653783
01080360526
01055266314
01099402388
01032049794
01089252708
01023905346
01057989702
01047726046
01097695029
01024860293
01092802017
01024210502
01058131476
01064386537
01071525343
01056384996
01048830526
01084678467
01057772317
01045263577
01092709267
01045985135
01031256829
01066319495
01020947674
01085264161
01058573583
01086136104
01027436597
01093957666
01054807823
01066414648
01051713591
01023600482
01022172181
01044367427
01043201320
01047166558
01025094687
01033251852
01084408868
01034900232
01022044083
01042564953
01096301274
01088929840
01028432123
01091626523
01062673755
01046405111
01067116566
01075928821
01040479610
01047467425
01049074098
01049554971
01033279391
01040248467
01092928321
01066571657
01059253215
01072769070
01025083539
01048544455
01034228268
01032652161
01031260964
01038410313
01077627368
01037834321
01034000230
01054525871
01066353588
01076549672
01075976925
01054365469
01024307025
01050047219
01092570371
01097941556
01096002719
01063951080
01075359857
01079203876
01066148199
01080786797
01072040609
01089028131
01028567209
01048896692
01053967737
01050998017
01081048301
01020512836
01046846887
01095365072
01042661281
01041782814
01054163675
01099370635
01030551792
01082287050
01062738165
01071584839
01039687161
01036816056
01045066409
01050770411
01031235953
01082576199
01091140168
01058967276
01099691889
01099341304
01026116352
01087373495
01089037654
01030072601
01046620931
01058251728
01048063714
01077370642
01075233982
01073043329
01048988472
01052739324
01054514112
01047816575
01055206560
01034463055
01083765360
01042343641
01051559630
01096689002
01083229488
01051381445
01020030046
01099445733
01054819222
01033710778
01048478309
01083624146
01051578233
01039378952
01088962151
01053218412
01030129970
01055545815
01029462330
01052409679
01073759014
01026004315
01064069554
01049272376
01086673359
01057183577
01074093637
01088879421
01092945761
01099579122
01083552779
01080321315
01043317797
01047253606
01022317044
01084054460
01052485893
01045433478
01098953512
01062422856
01045121499
01026134698
01088079820
01024155137
01028700210
01027387562
01057736984
01033497187
01094601099
01050431144
01030021603
01058601126
01025489552
01087203886
01080982958
01077158778
01098894838
01075276684
01041399062
01040438756
01065683547
01036403422
01083087082
01099866249
01053545358
01028705555
01091738743
01026211694
01077277971
01066927499
01071861949
01095191288
01056437526
01044161571
01049135453
01053747289
01026344132
01071482207
01063830217
01043321183
01088739966
01085103769
01051028408
01071145320
01034499432
01022605392
01051191849
01077879346
01024193045
01079402638
01094869612
01085977838
01065405478
01046014316
01057564161
01047616433
01084117430
01091077598
01048069110
01052690113
01025083990
01040355913
01077032156
01092352118
01052278463
01038953023
01094604906
01091621548
01088395698
01081319255
01090392309
01058142676
01031223309
01028271427
01044666817
01086513860
01020470866
01077040665
01094198560
01091613099
01023492660
01050379022
01075749259
01024065143
01087221653
01044551277
01022169322
01021267071
01063771719
01085144812
01050094001
01055795299
01035094004
01023155313
01051658323
01066815926
01021322312
01032220949
01079004347
01035082032
01039500070
01067008030
01028418801
01076484202
01027235334
01057585807
01098736785
01062779137
01075121527
01052343815
01090260745
01047125000
01026441849
01062887360
01024202636
01040186781
01068335187
01083549828
01039269274
01059677425
01085013346
01034912344
01051079050
01099599571
01043929091
01093710222
01056625280
01086632008
01040577177
01031614189
01075811770
01071395366
01048819698
01098559700
01021157049
01033623252
01094102999
01051969871
01046646411
01043134383
01024948923
01088963014
01028382783
01049191877
01099220764
01033118075
01066467294
01082282466
01023112930
01084281866
01052173768
01073137951
01080307277
01081393497
01090833929
01034151138
01049114781
01022022990
01083501531
01065586616
01072044921
01048657359
01062537997
01038192802
01031671856
01064490453
01038501624
01025640305
01025753161
01085537688
01037555009
01058093801
01072464243
01033828059
01082137297
01064378273
01029578573
01082136884
01046139104
01098920992
01098696711
01057773065
01031803488
01079835346
01059654077
01056901327
01075775082
01064114339
01062470714
01086243380
01074097458
01031064324
01063186934
01088615577
01027499162
01071313850
01029590618
01063479939
01034649688
01096737051
01037112586
01074713116
01091120219
01062277280
01074480521
01071299205
01073744432
01029848189
01074718332
01097461311
01088539498
01051538768
01093333448
01041598648
01076797137
01086636113
01024785663
01033974654
01076533550
01066237816
01031163154
01092812371
01076009015
01091905381
01074745205
01058233339
01087351790
01088032992
01049231962
01067714845
01099169079
01037707286
01052241809
01053238137
01053514861
01089362270
01072132632
01090362410
01085002856
01020111182
01024412687
01090424198
01043403107
01039207479
01071598788
01030709531
01038367296
01047137622
01056307372
01072809137
01063282015
01051446911
01020123362
01023911306
01057826636
01052516801
01040108469
01022677260
01088205920
01022766716
01044559922
01076700626
01024130721
01094124361
01091562529
01051912857
01089861147
01033616629
01046025189
01071350169
01098186451
01066518839
01031294552
01030840029
01047472475
01099441172
01043289272
01071171047
01028877584
01026327539
01077566580
01084959522
01093642805
01087891122
01093060781
01083908796
01053449315
01067877055
01093443185
01067001950
01030857574
01038188050
01038976734
01021858059
01064753513
01096042129
01050579696
01027368965
01092580216
01044440816
01055846675
01057416961
01031936063
01042697107
01020137560
01084511006
01024253851
01097172390
01068543328
01072743393
01050126440
01049182169
01072723511
01029201337
01090062717
01035307107
01038408187
01027970205
01095701559
01097446953
01038057941
01051616960
01093002763
01090102865
01092430429
01086192800
01040679566
01054854823
01040422015
01080736865
01075734573
01075586334
01089281311
01037013035
01041950298
01030536189
01037732125
01027248022
01029412332
01032776959
01082329809
01032269840
01083688558
01053681218
01041833765
01092366250
01022379251
01072555619
01045559256
01025713429
01076420773
01072063575
01064193841
01057750982
01082490123
01051438593
01029696124
01075724606
01032159918
01051193202
01082710271
01072563323
01029288050
01042357742
01087813090
01052249975
01030726454
01063669604
01045724365
01086555432
01084543382
01031627152
01067824331
01045836320
01079974371
01027589365
01096537261
01040882983
01054135190
01031603883
01092899932
01034802265
01065870773
01039666297
01099773791
01048738553
01095200988
01032494190
01046465244
01066162332
01046421328
01034412205
01057842652
01042322946
01022651994
01058121984
01073063330
01065368618
01020649976
01076339770
01093193151
01081117159
01063757433
01032267699
01047063925
01053333605
01033689259
01077649012
01054434549
01035081780
01029833157
01067466769
01071208435
01075852170
01040890613
01074798040
01041054127
01023157620
01065343315
01087730521
01074560804
01082141352
01095980218
01076753811
01090391698
01033276876
01035592061
01085639710
01076476697
01034538771
01079421923
01062981026
01062825680
01052391298
01082293120
01051585750
01066413429
01022444237
01039676071
01086192954
01073267458
01077499397
01041559443
01065417858
01066604252
01032456352
01089245946
01093709138
01026465945
01031341748
01030837801
01075781656
01073076127
01021131600
01051567447
01077771827
01068727779
01045018180
01029498399
01065465520
01087916619
01065820000
01041545949
01089026756
01072435315
01094346604
01029759078
01045772044
01020540619
01084745210
01025217516
01082359915
01094451499
01092994248
01059345788
01095153387
01092815789
01042085056
01086457720
01043007629
01055333681
01046766461
01068050803
01087674840
01058073417
01099741231
01042944499
01031266771
01024609547
01031920531
01072211218
01081902919
01083620026
01099864626
01032956833
01045881340
01092446719
01051733552
01090550318
01033208709
01033872944
01055240450
01087084860
01033762732
01024582366
01029879955
01035795689
01042215121
01033515896
01025679228
01046651001
01052654515
01027521937
01047214665
01066152881
01045630228
01062716352
01027034071
01095383800
01079047914
01030603757
01063086152
01054846911
01038935177